0 
0.0396 
0.0784 
0.1164 
0.1536 
0.19 
0.2256 
0.2604 
0.2944
0.327 
0.36
0.3916
0.4224 
0.4524 
0.4816
0.51 
0.5376
0.5644 
0.5904 
0.6156
0.64 
0.6636
0.6864 
0.7084 
0.7296
0.75 
0.7696
0.7884
0.8064 
0.8236 
0.84
0.8556
0.8704
0.8844
0.8976 
0.91 
0.9216
0.9324 
0.9424
0.9516
0.96
0.9676 
0.9744
0.9804
0.9856
0.99 
0.9936 
0.9964
0.9984
0.9996
1 
0.9996 
0.9984
0.9964 
0.9936 
0.99
0.9856 
0.9804 
0.9744
0.9676
0.96
0.9516
0.9424
0.9324
0.9216
0.91 
0.8976
0.8844
0.8704 
0.8556
0.84 
0.8236
0.8064
0.7884 
0.7696
0.75
0.7296
0.7084
0.6864
0.6636 
0.64
0.6156 
0.5904
0.5644
0.5376 
0.51
0.4816 
0.4524
0.4224
0.3916
0.36
0.3276 
0.2944
0.2604
0.2256 
0.19
0.1536
0.1164 
0.0784
0.0396 
0